startDateTime,endDateTime,buoyWindSpeedMean,buoyWindSpeedMinimum,buoyWindSpeedMaximum,buoyWindSpeedVariance,buoyWindSpeedNumPts,buoyWindSpeedExpUncert,buoyWindSpeedStdErMean,buoyWindSpeedFinalQF,buoyWindDirMean,buoyWindDirVariance,buoyWindDirNumPts,buoyWindDirExpUncert,buoyWindDirStdErMean,buoyWindDirFinalQF
"2019-01-01T00:00:00Z","2019-01-01T00:30:00Z",,,,,,,,,,,,,,
"2019-01-01T00:30:00Z","2019-01-01T01:00:00Z",,,,,,,,,,,,,,
"2019-01-01T01:00:00Z","2019-01-01T01:30:00Z",,,,,,,,,,,,,,
"2019-01-01T01:30:00Z","2019-01-01T02:00:00Z",,,,,,,,,,,,,,
"2019-01-01T02:00:00Z","2019-01-01T02:30:00Z",,,,,,,,,,,,,,
"2019-01-01T04:00:00Z","2019-01-01T04:30:00Z",,,,,,,,,,,,,,
"2019-01-01T04:30:00Z","2019-01-01T05:00:00Z",,,,,,,,,,,,,,
"2019-01-01T05:00:00Z","2019-01-01T05:30:00Z",,,,,,,,,,,,,,
"2019-01-01T05:30:00Z","2019-01-01T06:00:00Z",,,,,,,,,,,,,,
"2019-01-01T06:00:00Z","2019-01-01T06:30:00Z",,,,,,,,,,,,,,
"2019-01-01T08:00:00Z","2019-01-01T08:30:00Z",,,,,,,,,,,,,,
"2019-01-01T08:30:00Z","2019-01-01T09:00:00Z",,,,,,,,,,,,,,
"2019-01-01T09:00:00Z","2019-01-01T09:30:00Z",,,,,,,,,,,,,,
"2019-01-01T09:30:00Z","2019-01-01T10:00:00Z",,,,,,,,,,,,,,
"2019-01-01T10:00:00Z","2019-01-01T10:30:00Z",,,,,,,,,,,,,,
"2019-01-01T12:00:00Z","2019-01-01T12:30:00Z",,,,,,,,,,,,,,
"2019-01-01T12:30:00Z","2019-01-01T13:00:00Z",,,,,,,,,,,,,,
"2019-01-01T13:00:00Z","2019-01-01T13:30:00Z",,,,,,,,,,,,,,
"2019-01-01T13:30:00Z","2019-01-01T14:00:00Z",,,,,,,,,,,,,,
"2019-01-01T14:00:00Z","2019-01-01T14:30:00Z",,,,,,,,,,,,,,
"2019-01-01T16:00:00Z","2019-01-01T16:30:00Z",,,,,,,,,,,,,,
"2019-01-01T16:30:00Z","2019-01-01T17:00:00Z",,,,,,,,,,,,,,
"2019-01-01T17:00:00Z","2019-01-01T17:30:00Z",,,,,,,,,,,,,,
"2019-01-01T17:30:00Z","2019-01-01T18:00:00Z",,,,,,,,,,,,,,
"2019-01-01T18:00:00Z","2019-01-01T18:30:00Z",,,,,,,,,,,,,,
"2019-01-01T20:00:00Z","2019-01-01T20:30:00Z",,,,,,,,,,,,,,
"2019-01-01T20:30:00Z","2019-01-01T21:00:00Z",,,,,,,,,,,,,,
"2019-01-01T21:00:00Z","2019-01-01T21:30:00Z",,,,,,,,,,,,,,
"2019-01-01T21:30:00Z","2019-01-01T22:00:00Z",,,,,,,,,,,,,,
"2019-01-01T22:00:00Z","2019-01-01T22:30:00Z",,,,,,,,,,,,,,
"2019-01-02T00:00:00Z","2019-01-02T00:30:00Z",,,,,,,,,,,,,,
"2019-01-02T00:30:00Z","2019-01-02T01:00:00Z",,,,,,,,,,,,,,
"2019-01-02T01:00:00Z","2019-01-02T01:30:00Z",,,,,,,,,,,,,,
"2019-01-02T01:30:00Z","2019-01-02T02:00:00Z",,,,,,,,,,,,,,
"2019-01-02T02:00:00Z","2019-01-02T02:30:00Z",,,,,,,,,,,,,,
"2019-01-02T04:00:00Z","2019-01-02T04:30:00Z",,,,,,,,,,,,,,
"2019-01-02T04:30:00Z","2019-01-02T05:00:00Z",,,,,,,,,,,,,,
"2019-01-02T05:00:00Z","2019-01-02T05:30:00Z",,,,,,,,,,,,,,
"2019-01-02T05:30:00Z","2019-01-02T06:00:00Z",,,,,,,,,,,,,,
"2019-01-02T06:00:00Z","2019-01-02T06:30:00Z",,,,,,,,,,,,,,
"2019-01-02T08:00:00Z","2019-01-02T08:30:00Z",,,,,,,,,,,,,,
"2019-01-02T08:30:00Z","2019-01-02T09:00:00Z",,,,,,,,,,,,,,
"2019-01-02T09:00:00Z","2019-01-02T09:30:00Z",,,,,,,,,,,,,,
"2019-01-02T09:30:00Z","2019-01-02T10:00:00Z",,,,,,,,,,,,,,
"2019-01-02T10:00:00Z","2019-01-02T10:30:00Z",,,,,,,,,,,,,,
"2019-01-02T12:00:00Z","2019-01-02T12:30:00Z",,,,,,,,,,,,,,
"2019-01-02T12:30:00Z","2019-01-02T13:00:00Z",,,,,,,,,,,,,,
"2019-01-02T13:00:00Z","2019-01-02T13:30:00Z",,,,,,,,,,,,,,
"2019-01-02T13:30:00Z","2019-01-02T14:00:00Z",,,,,,,,,,,,,,
"2019-01-02T14:00:00Z","2019-01-02T14:30:00Z",,,,,,,,,,,,,,
"2019-01-02T16:00:00Z","2019-01-02T16:30:00Z",,,,,,,,,,,,,,
"2019-01-02T16:30:00Z","2019-01-02T17:00:00Z",,,,,,,,,,,,,,
"2019-01-02T17:00:00Z","2019-01-02T17:30:00Z",,,,,,,,,,,,,,
"2019-01-02T17:30:00Z","2019-01-02T18:00:00Z",,,,,,,,,,,,,,
"2019-01-02T18:00:00Z","2019-01-02T18:30:00Z",,,,,,,,,,,,,,
"2019-01-02T20:00:00Z","2019-01-02T20:30:00Z",,,,,,,,,,,,,,
"2019-01-02T20:30:00Z","2019-01-02T21:00:00Z",,,,,,,,,,,,,,
"2019-01-02T21:00:00Z","2019-01-02T21:30:00Z",,,,,,,,,,,,,,
"2019-01-02T21:30:00Z","2019-01-02T22:00:00Z",,,,,,,,,,,,,,
"2019-01-02T22:00:00Z","2019-01-02T22:30:00Z",,,,,,,,,,,,,,
"2019-01-03T00:00:00Z","2019-01-03T00:30:00Z",,,,,,,,,,,,,,
"2019-01-03T00:30:00Z","2019-01-03T01:00:00Z",,,,,,,,,,,,,,
"2019-01-03T01:00:00Z","2019-01-03T01:30:00Z",,,,,,,,,,,,,,
"2019-01-03T01:30:00Z","2019-01-03T02:00:00Z",,,,,,,,,,,,,,
"2019-01-03T02:00:00Z","2019-01-03T02:30:00Z",,,,,,,,,,,,,,
"2019-01-03T04:00:00Z","2019-01-03T04:30:00Z",,,,,,,,,,,,,,
"2019-01-03T04:30:00Z","2019-01-03T05:00:00Z",,,,,,,,,,,,,,
"2019-01-03T05:00:00Z","2019-01-03T05:30:00Z",,,,,,,,,,,,,,
"2019-01-03T05:30:00Z","2019-01-03T06:00:00Z",,,,,,,,,,,,,,
"2019-01-03T06:00:00Z","2019-01-03T06:30:00Z",,,,,,,,,,,,,,
"2019-01-03T08:00:00Z","2019-01-03T08:30:00Z",,,,,,,,,,,,,,
"2019-01-03T08:30:00Z","2019-01-03T09:00:00Z",,,,,,,,,,,,,,
"2019-01-03T09:00:00Z","2019-01-03T09:30:00Z",,,,,,,,,,,,,,
"2019-01-03T09:30:00Z","2019-01-03T10:00:00Z",,,,,,,,,,,,,,
"2019-01-03T10:00:00Z","2019-01-03T10:30:00Z",,,,,,,,,,,,,,
"2019-01-03T12:00:00Z","2019-01-03T12:30:00Z",,,,,,,,,,,,,,
"2019-01-03T12:30:00Z","2019-01-03T13:00:00Z",,,,,,,,,,,,,,
"2019-01-03T13:00:00Z","2019-01-03T13:30:00Z",,,,,,,,,,,,,,
"2019-01-03T13:30:00Z","2019-01-03T14:00:00Z",,,,,,,,,,,,,,
"2019-01-03T14:00:00Z","2019-01-03T14:30:00Z",,,,,,,,,,,,,,
"2019-01-03T16:00:00Z","2019-01-03T16:30:00Z",,,,,,,,,,,,,,
"2019-01-03T16:30:00Z","2019-01-03T17:00:00Z",,,,,,,,,,,,,,
"2019-01-03T17:00:00Z","2019-01-03T17:30:00Z",,,,,,,,,,,,,,
"2019-01-03T17:30:00Z","2019-01-03T18:00:00Z",,,,,,,,,,,,,,
"2019-01-03T18:00:00Z","2019-01-03T18:30:00Z",,,,,,,,,,,,,,
"2019-01-03T20:00:00Z","2019-01-03T20:30:00Z",,,,,,,,,,,,,,
"2019-01-03T20:30:00Z","2019-01-03T21:00:00Z",,,,,,,,,,,,,,
"2019-01-03T21:00:00Z","2019-01-03T21:30:00Z",,,,,,,,,,,,,,
"2019-01-03T21:30:00Z","2019-01-03T22:00:00Z",,,,,,,,,,,,,,
"2019-01-03T22:00:00Z","2019-01-03T22:30:00Z",,,,,,,,,,,,,,
"2019-01-04T00:00:00Z","2019-01-04T00:30:00Z",,,,,,,,,,,,,,
"2019-01-04T00:30:00Z","2019-01-04T01:00:00Z",,,,,,,,,,,,,,
"2019-01-04T01:00:00Z","2019-01-04T01:30:00Z",,,,,,,,,,,,,,
"2019-01-04T01:30:00Z","2019-01-04T02:00:00Z",,,,,,,,,,,,,,
"2019-01-04T02:00:00Z","2019-01-04T02:30:00Z",,,,,,,,,,,,,,
"2019-01-04T04:00:00Z","2019-01-04T04:30:00Z",,,,,,,,,,,,,,
"2019-01-04T04:30:00Z","2019-01-04T05:00:00Z",,,,,,,,,,,,,,
"2019-01-04T05:00:00Z","2019-01-04T05:30:00Z",,,,,,,,,,,,,,
"2019-01-04T05:30:00Z","2019-01-04T06:00:00Z",,,,,,,,,,,,,,
"2019-01-04T06:00:00Z","2019-01-04T06:30:00Z",,,,,,,,,,,,,,
"2019-01-04T08:00:00Z","2019-01-04T08:30:00Z",,,,,,,,,,,,,,
"2019-01-04T08:30:00Z","2019-01-04T09:00:00Z",,,,,,,,,,,,,,
"2019-01-04T09:00:00Z","2019-01-04T09:30:00Z",,,,,,,,,,,,,,
"2019-01-04T09:30:00Z","2019-01-04T10:00:00Z",,,,,,,,,,,,,,
"2019-01-04T10:00:00Z","2019-01-04T10:30:00Z",,,,,,,,,,,,,,
"2019-01-04T12:00:00Z","2019-01-04T12:30:00Z",,,,,,,,,,,,,,
"2019-01-04T12:30:00Z","2019-01-04T13:00:00Z",,,,,,,,,,,,,,
"2019-01-04T13:00:00Z","2019-01-04T13:30:00Z",,,,,,,,,,,,,,
"2019-01-04T13:30:00Z","2019-01-04T14:00:00Z",,,,,,,,,,,,,,
"2019-01-04T14:00:00Z","2019-01-04T14:30:00Z",,,,,,,,,,,,,,
"2019-01-04T16:00:00Z","2019-01-04T16:30:00Z",,,,,,,,,,,,,,
"2019-01-04T16:30:00Z","2019-01-04T17:00:00Z",,,,,,,,,,,,,,
"2019-01-04T17:00:00Z","2019-01-04T17:30:00Z",,,,,,,,,,,,,,
"2019-01-04T17:30:00Z","2019-01-04T18:00:00Z",,,,,,,,,,,,,,
"2019-01-04T18:00:00Z","2019-01-04T18:30:00Z",,,,,,,,,,,,,,
"2019-01-04T20:00:00Z","2019-01-04T20:30:00Z",,,,,,,,,,,,,,
"2019-01-04T20:30:00Z","2019-01-04T21:00:00Z",,,,,,,,,,,,,,
"2019-01-04T21:00:00Z","2019-01-04T21:30:00Z",,,,,,,,,,,,,,
"2019-01-04T21:30:00Z","2019-01-04T22:00:00Z",,,,,,,,,,,,,,
"2019-01-04T22:00:00Z","2019-01-04T22:30:00Z",,,,,,,,,,,,,,
"2019-01-05T00:00:00Z","2019-01-05T00:30:00Z",,,,,,,,,,,,,,
"2019-01-05T00:30:00Z","2019-01-05T01:00:00Z",,,,,,,,,,,,,,
"2019-01-05T01:00:00Z","2019-01-05T01:30:00Z",,,,,,,,,,,,,,
"2019-01-05T01:30:00Z","2019-01-05T02:00:00Z",,,,,,,,,,,,,,
"2019-01-05T02:00:00Z","2019-01-05T02:30:00Z",,,,,,,,,,,,,,
"2019-01-05T04:00:00Z","2019-01-05T04:30:00Z",,,,,,,,,,,,,,
"2019-01-05T04:30:00Z","2019-01-05T05:00:00Z",,,,,,,,,,,,,,
"2019-01-05T05:00:00Z","2019-01-05T05:30:00Z",,,,,,,,,,,,,,
"2019-01-05T05:30:00Z","2019-01-05T06:00:00Z",,,,,,,,,,,,,,
"2019-01-05T06:00:00Z","2019-01-05T06:30:00Z",,,,,,,,,,,,,,
"2019-01-05T08:00:00Z","2019-01-05T08:30:00Z",,,,,,,,,,,,,,
"2019-01-05T08:30:00Z","2019-01-05T09:00:00Z",,,,,,,,,,,,,,
"2019-01-05T09:00:00Z","2019-01-05T09:30:00Z",,,,,,,,,,,,,,
"2019-01-05T09:30:00Z","2019-01-05T10:00:00Z",,,,,,,,,,,,,,
"2019-01-05T10:00:00Z","2019-01-05T10:30:00Z",,,,,,,,,,,,,,
"2019-01-05T12:00:00Z","2019-01-05T12:30:00Z",,,,,,,,,,,,,,
"2019-01-05T12:30:00Z","2019-01-05T13:00:00Z",,,,,,,,,,,,,,
"2019-01-05T13:00:00Z","2019-01-05T13:30:00Z",,,,,,,,,,,,,,
"2019-01-05T13:30:00Z","2019-01-05T14:00:00Z",,,,,,,,,,,,,,
"2019-01-05T14:00:00Z","2019-01-05T14:30:00Z",,,,,,,,,,,,,,
"2019-01-05T16:00:00Z","2019-01-05T16:30:00Z",,,,,,,,,,,,,,
"2019-01-05T16:30:00Z","2019-01-05T17:00:00Z",,,,,,,,,,,,,,
"2019-01-05T17:00:00Z","2019-01-05T17:30:00Z",,,,,,,,,,,,,,
"2019-01-05T17:30:00Z","2019-01-05T18:00:00Z",,,,,,,,,,,,,,
"2019-01-05T18:00:00Z","2019-01-05T18:30:00Z",,,,,,,,,,,,,,
"2019-01-05T20:00:00Z","2019-01-05T20:30:00Z",,,,,,,,,,,,,,
"2019-01-05T20:30:00Z","2019-01-05T21:00:00Z",,,,,,,,,,,,,,
"2019-01-05T21:00:00Z","2019-01-05T21:30:00Z",,,,,,,,,,,,,,
"2019-01-05T21:30:00Z","2019-01-05T22:00:00Z",,,,,,,,,,,,,,
"2019-01-05T22:00:00Z","2019-01-05T22:30:00Z",,,,,,,,,,,,,,
"2019-01-06T00:00:00Z","2019-01-06T00:30:00Z",,,,,,,,,,,,,,
"2019-01-06T00:30:00Z","2019-01-06T01:00:00Z",,,,,,,,,,,,,,
"2019-01-06T01:00:00Z","2019-01-06T01:30:00Z",,,,,,,,,,,,,,
"2019-01-06T01:30:00Z","2019-01-06T02:00:00Z",,,,,,,,,,,,,,
"2019-01-06T02:00:00Z","2019-01-06T02:30:00Z",,,,,,,,,,,,,,
"2019-01-06T04:00:00Z","2019-01-06T04:30:00Z",,,,,,,,,,,,,,
"2019-01-06T04:30:00Z","2019-01-06T05:00:00Z",,,,,,,,,,,,,,
"2019-01-06T05:00:00Z","2019-01-06T05:30:00Z",,,,,,,,,,,,,,
"2019-01-06T05:30:00Z","2019-01-06T06:00:00Z",,,,,,,,,,,,,,
"2019-01-06T06:00:00Z","2019-01-06T06:30:00Z",,,,,,,,,,,,,,
"2019-01-06T08:00:00Z","2019-01-06T08:30:00Z",,,,,,,,,,,,,,
"2019-01-06T08:30:00Z","2019-01-06T09:00:00Z",,,,,,,,,,,,,,
"2019-01-06T09:00:00Z","2019-01-06T09:30:00Z",,,,,,,,,,,,,,
"2019-01-06T09:30:00Z","2019-01-06T10:00:00Z",,,,,,,,,,,,,,
"2019-01-06T10:00:00Z","2019-01-06T10:30:00Z",,,,,,,,,,,,,,
"2019-01-06T12:00:00Z","2019-01-06T12:30:00Z",,,,,,,,,,,,,,
"2019-01-06T12:30:00Z","2019-01-06T13:00:00Z",,,,,,,,,,,,,,
"2019-01-06T13:00:00Z","2019-01-06T13:30:00Z",,,,,,,,,,,,,,
"2019-01-06T13:30:00Z","2019-01-06T14:00:00Z",,,,,,,,,,,,,,
"2019-01-06T14:00:00Z","2019-01-06T14:30:00Z",,,,,,,,,,,,,,
"2019-01-06T16:00:00Z","2019-01-06T16:30:00Z",,,,,,,,,,,,,,
"2019-01-06T16:30:00Z","2019-01-06T17:00:00Z",,,,,,,,,,,,,,
"2019-01-06T17:00:00Z","2019-01-06T17:30:00Z",,,,,,,,,,,,,,
"2019-01-06T17:30:00Z","2019-01-06T18:00:00Z",,,,,,,,,,,,,,
"2019-01-06T18:00:00Z","2019-01-06T18:30:00Z",,,,,,,,,,,,,,
"2019-01-06T20:00:00Z","2019-01-06T20:30:00Z",,,,,,,,,,,,,,
"2019-01-06T20:30:00Z","2019-01-06T21:00:00Z",,,,,,,,,,,,,,
"2019-01-06T21:00:00Z","2019-01-06T21:30:00Z",,,,,,,,,,,,,,
"2019-01-06T21:30:00Z","2019-01-06T22:00:00Z",,,,,,,,,,,,,,
"2019-01-06T22:00:00Z","2019-01-06T22:30:00Z",,,,,,,,,,,,,,
"2019-01-07T00:00:00Z","2019-01-07T00:30:00Z",,,,,,,,,,,,,,
"2019-01-07T00:30:00Z","2019-01-07T01:00:00Z",,,,,,,,,,,,,,
"2019-01-07T01:00:00Z","2019-01-07T01:30:00Z",,,,,,,,,,,,,,
"2019-01-07T01:30:00Z","2019-01-07T02:00:00Z",,,,,,,,,,,,,,
"2019-01-07T02:00:00Z","2019-01-07T02:30:00Z",,,,,,,,,,,,,,
"2019-01-07T04:00:00Z","2019-01-07T04:30:00Z",,,,,,,,,,,,,,
"2019-01-07T04:30:00Z","2019-01-07T05:00:00Z",,,,,,,,,,,,,,
"2019-01-07T05:00:00Z","2019-01-07T05:30:00Z",,,,,,,,,,,,,,
"2019-01-07T05:30:00Z","2019-01-07T06:00:00Z",,,,,,,,,,,,,,
"2019-01-07T06:00:00Z","2019-01-07T06:30:00Z",,,,,,,,,,,,,,
"2019-01-07T08:00:00Z","2019-01-07T08:30:00Z",,,,,,,,,,,,,,
"2019-01-07T08:30:00Z","2019-01-07T09:00:00Z",,,,,,,,,,,,,,
"2019-01-07T09:00:00Z","2019-01-07T09:30:00Z",,,,,,,,,,,,,,
"2019-01-07T09:30:00Z","2019-01-07T10:00:00Z",,,,,,,,,,,,,,
"2019-01-07T10:00:00Z","2019-01-07T10:30:00Z",,,,,,,,,,,,,,
"2019-01-07T12:00:00Z","2019-01-07T12:30:00Z",,,,,,,,,,,,,,
"2019-01-07T12:30:00Z","2019-01-07T13:00:00Z",,,,,,,,,,,,,,
"2019-01-07T13:00:00Z","2019-01-07T13:30:00Z",,,,,,,,,,,,,,
"2019-01-07T13:30:00Z","2019-01-07T14:00:00Z",,,,,,,,,,,,,,
"2019-01-07T14:00:00Z","2019-01-07T14:30:00Z",,,,,,,,,,,,,,
"2019-01-07T16:00:00Z","2019-01-07T16:30:00Z",,,,,,,,,,,,,,
"2019-01-07T16:30:00Z","2019-01-07T17:00:00Z",,,,,,,,,,,,,,
"2019-01-07T17:00:00Z","2019-01-07T17:30:00Z",,,,,,,,,,,,,,
"2019-01-07T17:30:00Z","2019-01-07T18:00:00Z",,,,,,,,,,,,,,
"2019-01-07T18:00:00Z","2019-01-07T18:30:00Z",,,,,,,,,,,,,,
"2019-01-07T20:00:00Z","2019-01-07T20:30:00Z",,,,,,,,,,,,,,
"2019-01-07T20:30:00Z","2019-01-07T21:00:00Z",,,,,,,,,,,,,,
"2019-01-07T21:00:00Z","2019-01-07T21:30:00Z",,,,,,,,,,,,,,
"2019-01-07T21:30:00Z","2019-01-07T22:00:00Z",,,,,,,,,,,,,,
"2019-01-07T22:00:00Z","2019-01-07T22:30:00Z",,,,,,,,,,,,,,
"2019-01-08T00:00:00Z","2019-01-08T00:30:00Z",,,,,,,,,,,,,,
"2019-01-08T00:30:00Z","2019-01-08T01:00:00Z",,,,,,,,,,,,,,
"2019-01-08T01:00:00Z","2019-01-08T01:30:00Z",,,,,,,,,,,,,,
"2019-01-08T01:30:00Z","2019-01-08T02:00:00Z",,,,,,,,,,,,,,
"2019-01-08T02:00:00Z","2019-01-08T02:30:00Z",,,,,,,,,,,,,,
"2019-01-08T04:00:00Z","2019-01-08T04:30:00Z",,,,,,,,,,,,,,
"2019-01-08T04:30:00Z","2019-01-08T05:00:00Z",,,,,,,,,,,,,,
"2019-01-08T05:00:00Z","2019-01-08T05:30:00Z",,,,,,,,,,,,,,
"2019-01-08T05:30:00Z","2019-01-08T06:00:00Z",,,,,,,,,,,,,,
"2019-01-08T06:00:00Z","2019-01-08T06:30:00Z",,,,,,,,,,,,,,
"2019-01-08T08:00:00Z","2019-01-08T08:30:00Z",,,,,,,,,,,,,,
"2019-01-08T08:30:00Z","2019-01-08T09:00:00Z",,,,,,,,,,,,,,
"2019-01-08T09:00:00Z","2019-01-08T09:30:00Z",,,,,,,,,,,,,,
"2019-01-08T09:30:00Z","2019-01-08T10:00:00Z",,,,,,,,,,,,,,
"2019-01-08T10:00:00Z","2019-01-08T10:30:00Z",,,,,,,,,,,,,,
"2019-01-08T12:00:00Z","2019-01-08T12:30:00Z",,,,,,,,,,,,,,
"2019-01-08T12:30:00Z","2019-01-08T13:00:00Z",,,,,,,,,,,,,,
"2019-01-08T13:00:00Z","2019-01-08T13:30:00Z",,,,,,,,,,,,,,
"2019-01-08T13:30:00Z","2019-01-08T14:00:00Z",,,,,,,,,,,,,,
"2019-01-08T14:00:00Z","2019-01-08T14:30:00Z",,,,,,,,,,,,,,
"2019-01-08T16:00:00Z","2019-01-08T16:30:00Z",,,,,,,,,,,,,,
"2019-01-08T16:30:00Z","2019-01-08T17:00:00Z",,,,,,,,,,,,,,
"2019-01-08T17:00:00Z","2019-01-08T17:30:00Z",,,,,,,,,,,,,,
"2019-01-08T17:30:00Z","2019-01-08T18:00:00Z",,,,,,,,,,,,,,
"2019-01-08T18:00:00Z","2019-01-08T18:30:00Z",,,,,,,,,,,,,,
"2019-01-08T20:00:00Z","2019-01-08T20:30:00Z",,,,,,,,,,,,,,
"2019-01-08T20:30:00Z","2019-01-08T21:00:00Z",,,,,,,,,,,,,,
"2019-01-08T21:00:00Z","2019-01-08T21:30:00Z",,,,,,,,,,,,,,
"2019-01-08T21:30:00Z","2019-01-08T22:00:00Z",,,,,,,,,,,,,,
"2019-01-08T22:00:00Z","2019-01-08T22:30:00Z",,,,,,,,,,,,,,
"2019-01-09T00:00:00Z","2019-01-09T00:30:00Z",,,,,,,,,,,,,,
"2019-01-09T00:30:00Z","2019-01-09T01:00:00Z",,,,,,,,,,,,,,
"2019-01-09T01:00:00Z","2019-01-09T01:30:00Z",,,,,,,,,,,,,,
"2019-01-09T01:30:00Z","2019-01-09T02:00:00Z",,,,,,,,,,,,,,
"2019-01-09T02:00:00Z","2019-01-09T02:30:00Z",,,,,,,,,,,,,,
"2019-01-09T04:00:00Z","2019-01-09T04:30:00Z",,,,,,,,,,,,,,
"2019-01-09T04:30:00Z","2019-01-09T05:00:00Z",,,,,,,,,,,,,,
"2019-01-09T05:00:00Z","2019-01-09T05:30:00Z",,,,,,,,,,,,,,
"2019-01-09T05:30:00Z","2019-01-09T06:00:00Z",,,,,,,,,,,,,,
"2019-01-09T06:00:00Z","2019-01-09T06:30:00Z",,,,,,,,,,,,,,
"2019-01-09T08:00:00Z","2019-01-09T08:30:00Z",,,,,,,,,,,,,,
"2019-01-09T08:30:00Z","2019-01-09T09:00:00Z",,,,,,,,,,,,,,
"2019-01-09T09:00:00Z","2019-01-09T09:30:00Z",,,,,,,,,,,,,,
"2019-01-09T09:30:00Z","2019-01-09T10:00:00Z",,,,,,,,,,,,,,
"2019-01-09T10:00:00Z","2019-01-09T10:30:00Z",,,,,,,,,,,,,,
"2019-01-09T12:00:00Z","2019-01-09T12:30:00Z",,,,,,,,,,,,,,
"2019-01-09T12:30:00Z","2019-01-09T13:00:00Z",,,,,,,,,,,,,,
"2019-01-09T13:00:00Z","2019-01-09T13:30:00Z",,,,,,,,,,,,,,
"2019-01-09T13:30:00Z","2019-01-09T14:00:00Z",,,,,,,,,,,,,,
"2019-01-09T14:00:00Z","2019-01-09T14:30:00Z",,,,,,,,,,,,,,
"2019-01-09T16:00:00Z","2019-01-09T16:30:00Z",,,,,,,,,,,,,,
"2019-01-09T16:30:00Z","2019-01-09T17:00:00Z",,,,,,,,,,,,,,
"2019-01-09T17:00:00Z","2019-01-09T17:30:00Z",,,,,,,,,,,,,,
"2019-01-09T17:30:00Z","2019-01-09T18:00:00Z",,,,,,,,,,,,,,
"2019-01-09T18:00:00Z","2019-01-09T18:30:00Z",,,,,,,,,,,,,,
"2019-01-09T20:00:00Z","2019-01-09T20:30:00Z",,,,,,,,,,,,,,
"2019-01-09T20:30:00Z","2019-01-09T21:00:00Z",,,,,,,,,,,,,,
"2019-01-09T21:00:00Z","2019-01-09T21:30:00Z",,,,,,,,,,,,,,
"2019-01-09T21:30:00Z","2019-01-09T22:00:00Z",,,,,,,,,,,,,,
"2019-01-09T22:00:00Z","2019-01-09T22:30:00Z",,,,,,,,,,,,,,
"2019-01-10T00:00:00Z","2019-01-10T00:30:00Z",,,,,,,,,,,,,,
"2019-01-10T00:30:00Z","2019-01-10T01:00:00Z",,,,,,,,,,,,,,
"2019-01-10T01:00:00Z","2019-01-10T01:30:00Z",,,,,,,,,,,,,,
"2019-01-10T01:30:00Z","2019-01-10T02:00:00Z",,,,,,,,,,,,,,
"2019-01-10T02:00:00Z","2019-01-10T02:30:00Z",,,,,,,,,,,,,,
"2019-01-10T04:00:00Z","2019-01-10T04:30:00Z",,,,,,,,,,,,,,
"2019-01-10T04:30:00Z","2019-01-10T05:00:00Z",,,,,,,,,,,,,,
"2019-01-10T05:00:00Z","2019-01-10T05:30:00Z",,,,,,,,,,,,,,
"2019-01-10T05:30:00Z","2019-01-10T06:00:00Z",,,,,,,,,,,,,,
"2019-01-10T06:00:00Z","2019-01-10T06:30:00Z",,,,,,,,,,,,,,
"2019-01-10T08:00:00Z","2019-01-10T08:30:00Z",,,,,,,,,,,,,,
"2019-01-10T08:30:00Z","2019-01-10T09:00:00Z",,,,,,,,,,,,,,
"2019-01-10T09:00:00Z","2019-01-10T09:30:00Z",,,,,,,,,,,,,,
"2019-01-10T09:30:00Z","2019-01-10T10:00:00Z",,,,,,,,,,,,,,
"2019-01-10T10:00:00Z","2019-01-10T10:30:00Z",,,,,,,,,,,,,,
"2019-01-10T12:00:00Z","2019-01-10T12:30:00Z",,,,,,,,,,,,,,
"2019-01-10T12:30:00Z","2019-01-10T13:00:00Z",,,,,,,,,,,,,,
"2019-01-10T13:00:00Z","2019-01-10T13:30:00Z",,,,,,,,,,,,,,
"2019-01-10T13:30:00Z","2019-01-10T14:00:00Z",,,,,,,,,,,,,,
"2019-01-10T14:00:00Z","2019-01-10T14:30:00Z",,,,,,,,,,,,,,
"2019-01-10T16:00:00Z","2019-01-10T16:30:00Z",,,,,,,,,,,,,,
"2019-01-10T16:30:00Z","2019-01-10T17:00:00Z",,,,,,,,,,,,,,
"2019-01-10T17:00:00Z","2019-01-10T17:30:00Z",,,,,,,,,,,,,,
"2019-01-10T17:30:00Z","2019-01-10T18:00:00Z",,,,,,,,,,,,,,
"2019-01-10T18:00:00Z","2019-01-10T18:30:00Z",,,,,,,,,,,,,,
"2019-01-10T20:00:00Z","2019-01-10T20:30:00Z",,,,,,,,,,,,,,
"2019-01-10T20:30:00Z","2019-01-10T21:00:00Z",,,,,,,,,,,,,,
"2019-01-10T21:00:00Z","2019-01-10T21:30:00Z",,,,,,,,,,,,,,
"2019-01-10T21:30:00Z","2019-01-10T22:00:00Z",,,,,,,,,,,,,,
"2019-01-10T22:00:00Z","2019-01-10T22:30:00Z",,,,,,,,,,,,,,
"2019-01-11T00:00:00Z","2019-01-11T00:30:00Z",,,,,,,,,,,,,,
"2019-01-11T00:30:00Z","2019-01-11T01:00:00Z",,,,,,,,,,,,,,
"2019-01-11T01:00:00Z","2019-01-11T01:30:00Z",,,,,,,,,,,,,,
"2019-01-11T01:30:00Z","2019-01-11T02:00:00Z",,,,,,,,,,,,,,
"2019-01-11T02:00:00Z","2019-01-11T02:30:00Z",,,,,,,,,,,,,,
"2019-01-11T04:00:00Z","2019-01-11T04:30:00Z",,,,,,,,,,,,,,
"2019-01-11T04:30:00Z","2019-01-11T05:00:00Z",,,,,,,,,,,,,,
"2019-01-11T05:00:00Z","2019-01-11T05:30:00Z",,,,,,,,,,,,,,
"2019-01-11T05:30:00Z","2019-01-11T06:00:00Z",,,,,,,,,,,,,,
"2019-01-11T06:00:00Z","2019-01-11T06:30:00Z",,,,,,,,,,,,,,
"2019-01-11T08:00:00Z","2019-01-11T08:30:00Z",,,,,,,,,,,,,,
"2019-01-11T08:30:00Z","2019-01-11T09:00:00Z",,,,,,,,,,,,,,
"2019-01-11T09:00:00Z","2019-01-11T09:30:00Z",,,,,,,,,,,,,,
"2019-01-11T09:30:00Z","2019-01-11T10:00:00Z",,,,,,,,,,,,,,
"2019-01-11T10:00:00Z","2019-01-11T10:30:00Z",,,,,,,,,,,,,,
"2019-01-11T12:00:00Z","2019-01-11T12:30:00Z",,,,,,,,,,,,,,
"2019-01-11T12:30:00Z","2019-01-11T13:00:00Z",,,,,,,,,,,,,,
"2019-01-11T13:00:00Z","2019-01-11T13:30:00Z",,,,,,,,,,,,,,
"2019-01-11T13:30:00Z","2019-01-11T14:00:00Z",,,,,,,,,,,,,,
"2019-01-11T14:00:00Z","2019-01-11T14:30:00Z",,,,,,,,,,,,,,
"2019-01-11T16:00:00Z","2019-01-11T16:30:00Z",,,,,,,,,,,,,,
"2019-01-11T16:30:00Z","2019-01-11T17:00:00Z",,,,,,,,,,,,,,
"2019-01-11T17:00:00Z","2019-01-11T17:30:00Z",,,,,,,,,,,,,,
"2019-01-11T17:30:00Z","2019-01-11T18:00:00Z",,,,,,,,,,,,,,
"2019-01-11T18:00:00Z","2019-01-11T18:30:00Z",,,,,,,,,,,,,,
"2019-01-11T20:00:00Z","2019-01-11T20:30:00Z",,,,,,,,,,,,,,
"2019-01-11T20:30:00Z","2019-01-11T21:00:00Z",,,,,,,,,,,,,,
"2019-01-11T21:00:00Z","2019-01-11T21:30:00Z",,,,,,,,,,,,,,
"2019-01-11T21:30:00Z","2019-01-11T22:00:00Z",,,,,,,,,,,,,,
"2019-01-11T22:00:00Z","2019-01-11T22:30:00Z",,,,,,,,,,,,,,
"2019-01-12T00:00:00Z","2019-01-12T00:30:00Z",,,,,,,,,,,,,,
"2019-01-12T00:30:00Z","2019-01-12T01:00:00Z",,,,,,,,,,,,,,
"2019-01-12T01:00:00Z","2019-01-12T01:30:00Z",,,,,,,,,,,,,,
"2019-01-12T01:30:00Z","2019-01-12T02:00:00Z",,,,,,,,,,,,,,
"2019-01-12T02:00:00Z","2019-01-12T02:30:00Z",,,,,,,,,,,,,,
"2019-01-12T04:00:00Z","2019-01-12T04:30:00Z",,,,,,,,,,,,,,
"2019-01-12T04:30:00Z","2019-01-12T05:00:00Z",,,,,,,,,,,,,,
"2019-01-12T05:00:00Z","2019-01-12T05:30:00Z",,,,,,,,,,,,,,
"2019-01-12T05:30:00Z","2019-01-12T06:00:00Z",,,,,,,,,,,,,,
"2019-01-12T06:00:00Z","2019-01-12T06:30:00Z",,,,,,,,,,,,,,
"2019-01-12T08:00:00Z","2019-01-12T08:30:00Z",,,,,,,,,,,,,,
"2019-01-12T08:30:00Z","2019-01-12T09:00:00Z",,,,,,,,,,,,,,
"2019-01-12T09:00:00Z","2019-01-12T09:30:00Z",,,,,,,,,,,,,,
"2019-01-12T09:30:00Z","2019-01-12T10:00:00Z",,,,,,,,,,,,,,
"2019-01-12T10:00:00Z","2019-01-12T10:30:00Z",,,,,,,,,,,,,,
"2019-01-12T12:00:00Z","2019-01-12T12:30:00Z",,,,,,,,,,,,,,
"2019-01-12T12:30:00Z","2019-01-12T13:00:00Z",,,,,,,,,,,,,,
"2019-01-12T13:00:00Z","2019-01-12T13:30:00Z",,,,,,,,,,,,,,
"2019-01-12T13:30:00Z","2019-01-12T14:00:00Z",,,,,,,,,,,,,,
"2019-01-12T14:00:00Z","2019-01-12T14:30:00Z",,,,,,,,,,,,,,
"2019-01-12T16:00:00Z","2019-01-12T16:30:00Z",,,,,,,,,,,,,,
"2019-01-12T16:30:00Z","2019-01-12T17:00:00Z",,,,,,,,,,,,,,
"2019-01-12T17:00:00Z","2019-01-12T17:30:00Z",,,,,,,,,,,,,,
"2019-01-12T17:30:00Z","2019-01-12T18:00:00Z",,,,,,,,,,,,,,
"2019-01-12T18:00:00Z","2019-01-12T18:30:00Z",,,,,,,,,,,,,,
"2019-01-12T20:00:00Z","2019-01-12T20:30:00Z",,,,,,,,,,,,,,
"2019-01-12T20:30:00Z","2019-01-12T21:00:00Z",,,,,,,,,,,,,,
"2019-01-12T21:00:00Z","2019-01-12T21:30:00Z",,,,,,,,,,,,,,
"2019-01-12T21:30:00Z","2019-01-12T22:00:00Z",,,,,,,,,,,,,,
"2019-01-12T22:00:00Z","2019-01-12T22:30:00Z",,,,,,,,,,,,,,
"2019-01-13T00:00:00Z","2019-01-13T00:30:00Z",,,,,,,,,,,,,,
"2019-01-13T00:30:00Z","2019-01-13T01:00:00Z",,,,,,,,,,,,,,
"2019-01-13T01:00:00Z","2019-01-13T01:30:00Z",,,,,,,,,,,,,,
"2019-01-13T01:30:00Z","2019-01-13T02:00:00Z",,,,,,,,,,,,,,
"2019-01-13T02:00:00Z","2019-01-13T02:30:00Z",,,,,,,,,,,,,,
"2019-01-13T04:00:00Z","2019-01-13T04:30:00Z",,,,,,,,,,,,,,
"2019-01-13T04:30:00Z","2019-01-13T05:00:00Z",,,,,,,,,,,,,,
"2019-01-13T05:00:00Z","2019-01-13T05:30:00Z",,,,,,,,,,,,,,
"2019-01-13T05:30:00Z","2019-01-13T06:00:00Z",,,,,,,,,,,,,,
"2019-01-13T06:00:00Z","2019-01-13T06:30:00Z",,,,,,,,,,,,,,
"2019-01-13T08:00:00Z","2019-01-13T08:30:00Z",,,,,,,,,,,,,,
"2019-01-13T08:30:00Z","2019-01-13T09:00:00Z",,,,,,,,,,,,,,
"2019-01-13T09:00:00Z","2019-01-13T09:30:00Z",,,,,,,,,,,,,,
"2019-01-13T09:30:00Z","2019-01-13T10:00:00Z",,,,,,,,,,,,,,
"2019-01-13T10:00:00Z","2019-01-13T10:30:00Z",,,,,,,,,,,,,,
"2019-01-13T12:00:00Z","2019-01-13T12:30:00Z",,,,,,,,,,,,,,
"2019-01-13T12:30:00Z","2019-01-13T13:00:00Z",,,,,,,,,,,,,,
"2019-01-13T13:00:00Z","2019-01-13T13:30:00Z",,,,,,,,,,,,,,
"2019-01-13T13:30:00Z","2019-01-13T14:00:00Z",,,,,,,,,,,,,,
"2019-01-13T14:00:00Z","2019-01-13T14:30:00Z",,,,,,,,,,,,,,
"2019-01-13T16:00:00Z","2019-01-13T16:30:00Z",,,,,,,,,,,,,,
"2019-01-13T16:30:00Z","2019-01-13T17:00:00Z",,,,,,,,,,,,,,
"2019-01-13T17:00:00Z","2019-01-13T17:30:00Z",,,,,,,,,,,,,,
"2019-01-13T17:30:00Z","2019-01-13T18:00:00Z",,,,,,,,,,,,,,
"2019-01-13T18:00:00Z","2019-01-13T18:30:00Z",,,,,,,,,,,,,,
"2019-01-13T20:00:00Z","2019-01-13T20:30:00Z",,,,,,,,,,,,,,
"2019-01-13T20:30:00Z","2019-01-13T21:00:00Z",,,,,,,,,,,,,,
"2019-01-13T21:00:00Z","2019-01-13T21:30:00Z",,,,,,,,,,,,,,
"2019-01-13T21:30:00Z","2019-01-13T22:00:00Z",,,,,,,,,,,,,,
"2019-01-13T22:00:00Z","2019-01-13T22:30:00Z",,,,,,,,,,,,,,
"2019-01-14T00:00:00Z","2019-01-14T00:30:00Z",,,,,,,,,,,,,,
"2019-01-14T00:30:00Z","2019-01-14T01:00:00Z",,,,,,,,,,,,,,
"2019-01-14T01:00:00Z","2019-01-14T01:30:00Z",,,,,,,,,,,,,,
"2019-01-14T01:30:00Z","2019-01-14T02:00:00Z",,,,,,,,,,,,,,
"2019-01-14T02:00:00Z","2019-01-14T02:30:00Z",,,,,,,,,,,,,,
"2019-01-14T04:00:00Z","2019-01-14T04:30:00Z",,,,,,,,,,,,,,
"2019-01-14T04:30:00Z","2019-01-14T05:00:00Z",,,,,,,,,,,,,,
"2019-01-14T05:00:00Z","2019-01-14T05:30:00Z",,,,,,,,,,,,,,
"2019-01-14T05:30:00Z","2019-01-14T06:00:00Z",,,,,,,,,,,,,,
"2019-01-14T06:00:00Z","2019-01-14T06:30:00Z",,,,,,,,,,,,,,
"2019-01-14T08:00:00Z","2019-01-14T08:30:00Z",,,,,,,,,,,,,,
"2019-01-14T08:30:00Z","2019-01-14T09:00:00Z",,,,,,,,,,,,,,
"2019-01-14T09:00:00Z","2019-01-14T09:30:00Z",,,,,,,,,,,,,,
"2019-01-14T09:30:00Z","2019-01-14T10:00:00Z",,,,,,,,,,,,,,
"2019-01-14T10:00:00Z","2019-01-14T10:30:00Z",,,,,,,,,,,,,,
"2019-01-14T12:00:00Z","2019-01-14T12:30:00Z",,,,,,,,,,,,,,
"2019-01-14T12:30:00Z","2019-01-14T13:00:00Z",,,,,,,,,,,,,,
"2019-01-14T13:00:00Z","2019-01-14T13:30:00Z",,,,,,,,,,,,,,
"2019-01-14T13:30:00Z","2019-01-14T14:00:00Z",,,,,,,,,,,,,,
"2019-01-14T14:00:00Z","2019-01-14T14:30:00Z",,,,,,,,,,,,,,
"2019-01-14T16:00:00Z","2019-01-14T16:30:00Z",,,,,,,,,,,,,,
"2019-01-14T16:30:00Z","2019-01-14T17:00:00Z",,,,,,,,,,,,,,
"2019-01-14T17:00:00Z","2019-01-14T17:30:00Z",,,,,,,,,,,,,,
"2019-01-14T17:30:00Z","2019-01-14T18:00:00Z",,,,,,,,,,,,,,
"2019-01-14T18:00:00Z","2019-01-14T18:30:00Z",,,,,,,,,,,,,,
"2019-01-14T20:00:00Z","2019-01-14T20:30:00Z",,,,,,,,,,,,,,
"2019-01-14T20:30:00Z","2019-01-14T21:00:00Z",,,,,,,,,,,,,,
"2019-01-14T21:00:00Z","2019-01-14T21:30:00Z",,,,,,,,,,,,,,
"2019-01-14T21:30:00Z","2019-01-14T22:00:00Z",,,,,,,,,,,,,,
"2019-01-14T22:00:00Z","2019-01-14T22:30:00Z",,,,,,,,,,,,,,
"2019-01-15T00:00:00Z","2019-01-15T00:30:00Z",,,,,,,,,,,,,,
"2019-01-15T00:30:00Z","2019-01-15T01:00:00Z",,,,,,,,,,,,,,
"2019-01-15T01:00:00Z","2019-01-15T01:30:00Z",,,,,,,,,,,,,,
"2019-01-15T01:30:00Z","2019-01-15T02:00:00Z",,,,,,,,,,,,,,
"2019-01-15T02:00:00Z","2019-01-15T02:30:00Z",,,,,,,,,,,,,,
"2019-01-15T04:00:00Z","2019-01-15T04:30:00Z",,,,,,,,,,,,,,
"2019-01-15T04:30:00Z","2019-01-15T05:00:00Z",,,,,,,,,,,,,,
"2019-01-15T05:00:00Z","2019-01-15T05:30:00Z",,,,,,,,,,,,,,
"2019-01-15T05:30:00Z","2019-01-15T06:00:00Z",,,,,,,,,,,,,,
"2019-01-15T06:00:00Z","2019-01-15T06:30:00Z",,,,,,,,,,,,,,
"2019-01-15T08:00:00Z","2019-01-15T08:30:00Z",,,,,,,,,,,,,,
"2019-01-15T08:30:00Z","2019-01-15T09:00:00Z",,,,,,,,,,,,,,
"2019-01-15T09:00:00Z","2019-01-15T09:30:00Z",,,,,,,,,,,,,,
"2019-01-15T09:30:00Z","2019-01-15T10:00:00Z",,,,,,,,,,,,,,
"2019-01-15T10:00:00Z","2019-01-15T10:30:00Z",,,,,,,,,,,,,,
"2019-01-15T12:00:00Z","2019-01-15T12:30:00Z",,,,,,,,,,,,,,
"2019-01-15T12:30:00Z","2019-01-15T13:00:00Z",,,,,,,,,,,,,,
"2019-01-15T13:00:00Z","2019-01-15T13:30:00Z",,,,,,,,,,,,,,
"2019-01-15T13:30:00Z","2019-01-15T14:00:00Z",,,,,,,,,,,,,,
"2019-01-15T14:00:00Z","2019-01-15T14:30:00Z",,,,,,,,,,,,,,
"2019-01-15T16:00:00Z","2019-01-15T16:30:00Z",,,,,,,,,,,,,,
"2019-01-15T16:30:00Z","2019-01-15T17:00:00Z",,,,,,,,,,,,,,
"2019-01-15T17:00:00Z","2019-01-15T17:30:00Z",,,,,,,,,,,,,,
"2019-01-15T17:30:00Z","2019-01-15T18:00:00Z",,,,,,,,,,,,,,
"2019-01-15T18:00:00Z","2019-01-15T18:30:00Z",,,,,,,,,,,,,,
"2019-01-15T20:00:00Z","2019-01-15T20:30:00Z",,,,,,,,,,,,,,
"2019-01-15T20:30:00Z","2019-01-15T21:00:00Z",,,,,,,,,,,,,,
"2019-01-15T21:00:00Z","2019-01-15T21:30:00Z",,,,,,,,,,,,,,
"2019-01-15T21:30:00Z","2019-01-15T22:00:00Z",,,,,,,,,,,,,,
"2019-01-15T22:00:00Z","2019-01-15T22:30:00Z",,,,,,,,,,,,,,
"2019-01-16T00:00:00Z","2019-01-16T00:30:00Z",,,,,,,,,,,,,,
"2019-01-16T00:30:00Z","2019-01-16T01:00:00Z",,,,,,,,,,,,,,
"2019-01-16T01:00:00Z","2019-01-16T01:30:00Z",,,,,,,,,,,,,,
"2019-01-16T01:30:00Z","2019-01-16T02:00:00Z",,,,,,,,,,,,,,
"2019-01-16T02:00:00Z","2019-01-16T02:30:00Z",,,,,,,,,,,,,,
"2019-01-16T04:00:00Z","2019-01-16T04:30:00Z",,,,,,,,,,,,,,
"2019-01-16T04:30:00Z","2019-01-16T05:00:00Z",,,,,,,,,,,,,,
"2019-01-16T05:00:00Z","2019-01-16T05:30:00Z",,,,,,,,,,,,,,
"2019-01-16T05:30:00Z","2019-01-16T06:00:00Z",,,,,,,,,,,,,,
"2019-01-16T06:00:00Z","2019-01-16T06:30:00Z",,,,,,,,,,,,,,
"2019-01-16T08:00:00Z","2019-01-16T08:30:00Z",,,,,,,,,,,,,,
"2019-01-16T08:30:00Z","2019-01-16T09:00:00Z",,,,,,,,,,,,,,
"2019-01-16T09:00:00Z","2019-01-16T09:30:00Z",,,,,,,,,,,,,,
"2019-01-16T09:30:00Z","2019-01-16T10:00:00Z",,,,,,,,,,,,,,
"2019-01-16T10:00:00Z","2019-01-16T10:30:00Z",,,,,,,,,,,,,,
"2019-01-16T12:00:00Z","2019-01-16T12:30:00Z",,,,,,,,,,,,,,
"2019-01-16T12:30:00Z","2019-01-16T13:00:00Z",,,,,,,,,,,,,,
"2019-01-16T13:00:00Z","2019-01-16T13:30:00Z",,,,,,,,,,,,,,
"2019-01-16T13:30:00Z","2019-01-16T14:00:00Z",,,,,,,,,,,,,,
"2019-01-16T14:00:00Z","2019-01-16T14:30:00Z",,,,,,,,,,,,,,
"2019-01-16T16:00:00Z","2019-01-16T16:30:00Z",,,,,,,,,,,,,,
"2019-01-16T16:30:00Z","2019-01-16T17:00:00Z",,,,,,,,,,,,,,
"2019-01-16T17:00:00Z","2019-01-16T17:30:00Z",,,,,,,,,,,,,,
"2019-01-16T17:30:00Z","2019-01-16T18:00:00Z",,,,,,,,,,,,,,
"2019-01-16T18:00:00Z","2019-01-16T18:30:00Z",,,,,,,,,,,,,,
"2019-01-16T20:00:00Z","2019-01-16T20:30:00Z",,,,,,,,,,,,,,
"2019-01-16T20:30:00Z","2019-01-16T21:00:00Z",,,,,,,,,,,,,,
"2019-01-16T21:00:00Z","2019-01-16T21:30:00Z",,,,,,,,,,,,,,
"2019-01-16T21:30:00Z","2019-01-16T22:00:00Z",,,,,,,,,,,,,,
"2019-01-16T22:00:00Z","2019-01-16T22:30:00Z",,,,,,,,,,,,,,
"2019-01-17T00:00:00Z","2019-01-17T00:30:00Z",,,,,,,,,,,,,,
"2019-01-17T00:30:00Z","2019-01-17T01:00:00Z",,,,,,,,,,,,,,
"2019-01-17T01:00:00Z","2019-01-17T01:30:00Z",,,,,,,,,,,,,,
"2019-01-17T01:30:00Z","2019-01-17T02:00:00Z",,,,,,,,,,,,,,
"2019-01-17T02:00:00Z","2019-01-17T02:30:00Z",,,,,,,,,,,,,,
"2019-01-17T04:00:00Z","2019-01-17T04:30:00Z",,,,,,,,,,,,,,
"2019-01-17T04:30:00Z","2019-01-17T05:00:00Z",,,,,,,,,,,,,,
"2019-01-17T05:00:00Z","2019-01-17T05:30:00Z",,,,,,,,,,,,,,
"2019-01-17T05:30:00Z","2019-01-17T06:00:00Z",,,,,,,,,,,,,,
"2019-01-17T06:00:00Z","2019-01-17T06:30:00Z",,,,,,,,,,,,,,
"2019-01-17T08:00:00Z","2019-01-17T08:30:00Z",,,,,,,,,,,,,,
"2019-01-17T08:30:00Z","2019-01-17T09:00:00Z",,,,,,,,,,,,,,
"2019-01-17T09:00:00Z","2019-01-17T09:30:00Z",,,,,,,,,,,,,,
"2019-01-17T09:30:00Z","2019-01-17T10:00:00Z",,,,,,,,,,,,,,
"2019-01-17T10:00:00Z","2019-01-17T10:30:00Z",,,,,,,,,,,,,,
"2019-01-17T12:00:00Z","2019-01-17T12:30:00Z",,,,,,,,,,,,,,
"2019-01-17T12:30:00Z","2019-01-17T13:00:00Z",,,,,,,,,,,,,,
"2019-01-17T13:00:00Z","2019-01-17T13:30:00Z",,,,,,,,,,,,,,
"2019-01-17T13:30:00Z","2019-01-17T14:00:00Z",,,,,,,,,,,,,,
"2019-01-17T14:00:00Z","2019-01-17T14:30:00Z",,,,,,,,,,,,,,
"2019-01-17T16:00:00Z","2019-01-17T16:30:00Z",,,,,,,,,,,,,,
"2019-01-17T16:30:00Z","2019-01-17T17:00:00Z",,,,,,,,,,,,,,
"2019-01-17T17:00:00Z","2019-01-17T17:30:00Z",,,,,,,,,,,,,,
"2019-01-17T17:30:00Z","2019-01-17T18:00:00Z",,,,,,,,,,,,,,
"2019-01-17T18:00:00Z","2019-01-17T18:30:00Z",,,,,,,,,,,,,,
"2019-01-17T20:00:00Z","2019-01-17T20:30:00Z",,,,,,,,,,,,,,
"2019-01-17T20:30:00Z","2019-01-17T21:00:00Z",,,,,,,,,,,,,,
"2019-01-17T21:00:00Z","2019-01-17T21:30:00Z",,,,,,,,,,,,,,
"2019-01-17T21:30:00Z","2019-01-17T22:00:00Z",,,,,,,,,,,,,,
"2019-01-17T22:00:00Z","2019-01-17T22:30:00Z",,,,,,,,,,,,,,
"2019-01-18T00:00:00Z","2019-01-18T00:30:00Z",,,,,,,,,,,,,,
"2019-01-18T00:30:00Z","2019-01-18T01:00:00Z",,,,,,,,,,,,,,
"2019-01-18T01:00:00Z","2019-01-18T01:30:00Z",,,,,,,,,,,,,,
"2019-01-18T01:30:00Z","2019-01-18T02:00:00Z",,,,,,,,,,,,,,
"2019-01-18T02:00:00Z","2019-01-18T02:30:00Z",,,,,,,,,,,,,,
"2019-01-18T04:00:00Z","2019-01-18T04:30:00Z",,,,,,,,,,,,,,
"2019-01-18T04:30:00Z","2019-01-18T05:00:00Z",,,,,,,,,,,,,,
"2019-01-18T05:00:00Z","2019-01-18T05:30:00Z",,,,,,,,,,,,,,
"2019-01-18T05:30:00Z","2019-01-18T06:00:00Z",,,,,,,,,,,,,,
"2019-01-18T06:00:00Z","2019-01-18T06:30:00Z",,,,,,,,,,,,,,
"2019-01-18T08:00:00Z","2019-01-18T08:30:00Z",,,,,,,,,,,,,,
"2019-01-18T08:30:00Z","2019-01-18T09:00:00Z",,,,,,,,,,,,,,
"2019-01-18T09:00:00Z","2019-01-18T09:30:00Z",,,,,,,,,,,,,,
"2019-01-18T09:30:00Z","2019-01-18T10:00:00Z",,,,,,,,,,,,,,
"2019-01-18T10:00:00Z","2019-01-18T10:30:00Z",,,,,,,,,,,,,,
"2019-01-18T12:00:00Z","2019-01-18T12:30:00Z",,,,,,,,,,,,,,
"2019-01-18T12:30:00Z","2019-01-18T13:00:00Z",,,,,,,,,,,,,,
"2019-01-18T13:00:00Z","2019-01-18T13:30:00Z",,,,,,,,,,,,,,
"2019-01-18T13:30:00Z","2019-01-18T14:00:00Z",,,,,,,,,,,,,,
"2019-01-18T14:00:00Z","2019-01-18T14:30:00Z",,,,,,,,,,,,,,
"2019-01-18T16:00:00Z","2019-01-18T16:30:00Z",,,,,,,,,,,,,,
"2019-01-18T16:30:00Z","2019-01-18T17:00:00Z",,,,,,,,,,,,,,
"2019-01-18T17:00:00Z","2019-01-18T17:30:00Z",,,,,,,,,,,,,,
"2019-01-18T17:30:00Z","2019-01-18T18:00:00Z",,,,,,,,,,,,,,
"2019-01-18T18:00:00Z","2019-01-18T18:30:00Z",,,,,,,,,,,,,,
"2019-01-18T20:00:00Z","2019-01-18T20:30:00Z",,,,,,,,,,,,,,
"2019-01-18T20:30:00Z","2019-01-18T21:00:00Z",,,,,,,,,,,,,,
"2019-01-18T21:00:00Z","2019-01-18T21:30:00Z",,,,,,,,,,,,,,
"2019-01-18T21:30:00Z","2019-01-18T22:00:00Z",,,,,,,,,,,,,,
"2019-01-18T22:00:00Z","2019-01-18T22:30:00Z",,,,,,,,,,,,,,
"2019-01-19T00:00:00Z","2019-01-19T00:30:00Z",,,,,,,,,,,,,,
"2019-01-19T00:30:00Z","2019-01-19T01:00:00Z",,,,,,,,,,,,,,
"2019-01-19T01:00:00Z","2019-01-19T01:30:00Z",,,,,,,,,,,,,,
"2019-01-19T01:30:00Z","2019-01-19T02:00:00Z",,,,,,,,,,,,,,
"2019-01-19T02:00:00Z","2019-01-19T02:30:00Z",,,,,,,,,,,,,,
"2019-01-19T04:00:00Z","2019-01-19T04:30:00Z",,,,,,,,,,,,,,
"2019-01-19T04:30:00Z","2019-01-19T05:00:00Z",,,,,,,,,,,,,,
"2019-01-19T05:00:00Z","2019-01-19T05:30:00Z",,,,,,,,,,,,,,
"2019-01-19T05:30:00Z","2019-01-19T06:00:00Z",,,,,,,,,,,,,,
"2019-01-19T06:00:00Z","2019-01-19T06:30:00Z",,,,,,,,,,,,,,
"2019-01-19T08:00:00Z","2019-01-19T08:30:00Z",,,,,,,,,,,,,,
"2019-01-19T08:30:00Z","2019-01-19T09:00:00Z",,,,,,,,,,,,,,
"2019-01-19T09:00:00Z","2019-01-19T09:30:00Z",,,,,,,,,,,,,,
"2019-01-19T09:30:00Z","2019-01-19T10:00:00Z",,,,,,,,,,,,,,
"2019-01-19T10:00:00Z","2019-01-19T10:30:00Z",,,,,,,,,,,,,,
"2019-01-19T12:00:00Z","2019-01-19T12:30:00Z",,,,,,,,,,,,,,
"2019-01-19T12:30:00Z","2019-01-19T13:00:00Z",,,,,,,,,,,,,,
"2019-01-19T13:00:00Z","2019-01-19T13:30:00Z",,,,,,,,,,,,,,
"2019-01-19T13:30:00Z","2019-01-19T14:00:00Z",,,,,,,,,,,,,,
"2019-01-19T14:00:00Z","2019-01-19T14:30:00Z",,,,,,,,,,,,,,
"2019-01-19T16:00:00Z","2019-01-19T16:30:00Z",,,,,,,,,,,,,,
"2019-01-19T16:30:00Z","2019-01-19T17:00:00Z",,,,,,,,,,,,,,
"2019-01-19T17:00:00Z","2019-01-19T17:30:00Z",,,,,,,,,,,,,,
"2019-01-19T17:30:00Z","2019-01-19T18:00:00Z",,,,,,,,,,,,,,
"2019-01-19T18:00:00Z","2019-01-19T18:30:00Z",,,,,,,,,,,,,,
"2019-01-19T20:00:00Z","2019-01-19T20:30:00Z",,,,,,,,,,,,,,
"2019-01-19T20:30:00Z","2019-01-19T21:00:00Z",,,,,,,,,,,,,,
"2019-01-19T21:00:00Z","2019-01-19T21:30:00Z",,,,,,,,,,,,,,
"2019-01-19T21:30:00Z","2019-01-19T22:00:00Z",,,,,,,,,,,,,,
"2019-01-19T22:00:00Z","2019-01-19T22:30:00Z",,,,,,,,,,,,,,
"2019-01-20T00:00:00Z","2019-01-20T00:30:00Z",,,,,,,,,,,,,,
"2019-01-20T00:30:00Z","2019-01-20T01:00:00Z",,,,,,,,,,,,,,
"2019-01-20T01:00:00Z","2019-01-20T01:30:00Z",,,,,,,,,,,,,,
"2019-01-20T01:30:00Z","2019-01-20T02:00:00Z",,,,,,,,,,,,,,
"2019-01-20T02:00:00Z","2019-01-20T02:30:00Z",,,,,,,,,,,,,,
"2019-01-20T04:00:00Z","2019-01-20T04:30:00Z",,,,,,,,,,,,,,
"2019-01-20T04:30:00Z","2019-01-20T05:00:00Z",,,,,,,,,,,,,,
"2019-01-20T05:00:00Z","2019-01-20T05:30:00Z",,,,,,,,,,,,,,
"2019-01-20T05:30:00Z","2019-01-20T06:00:00Z",,,,,,,,,,,,,,
"2019-01-20T06:00:00Z","2019-01-20T06:30:00Z",,,,,,,,,,,,,,
"2019-01-20T08:00:00Z","2019-01-20T08:30:00Z",,,,,,,,,,,,,,
"2019-01-20T08:30:00Z","2019-01-20T09:00:00Z",,,,,,,,,,,,,,
"2019-01-20T09:00:00Z","2019-01-20T09:30:00Z",,,,,,,,,,,,,,
"2019-01-20T09:30:00Z","2019-01-20T10:00:00Z",,,,,,,,,,,,,,
"2019-01-20T10:00:00Z","2019-01-20T10:30:00Z",,,,,,,,,,,,,,
"2019-01-20T12:00:00Z","2019-01-20T12:30:00Z",,,,,,,,,,,,,,
"2019-01-20T12:30:00Z","2019-01-20T13:00:00Z",,,,,,,,,,,,,,
"2019-01-20T13:00:00Z","2019-01-20T13:30:00Z",,,,,,,,,,,,,,
"2019-01-20T13:30:00Z","2019-01-20T14:00:00Z",,,,,,,,,,,,,,
"2019-01-20T14:00:00Z","2019-01-20T14:30:00Z",,,,,,,,,,,,,,
"2019-01-20T16:00:00Z","2019-01-20T16:30:00Z",,,,,,,,,,,,,,
"2019-01-20T16:30:00Z","2019-01-20T17:00:00Z",,,,,,,,,,,,,,
"2019-01-20T17:00:00Z","2019-01-20T17:30:00Z",,,,,,,,,,,,,,
"2019-01-20T17:30:00Z","2019-01-20T18:00:00Z",,,,,,,,,,,,,,
"2019-01-20T18:00:00Z","2019-01-20T18:30:00Z",,,,,,,,,,,,,,
"2019-01-20T20:00:00Z","2019-01-20T20:30:00Z",,,,,,,,,,,,,,
"2019-01-20T20:30:00Z","2019-01-20T21:00:00Z",,,,,,,,,,,,,,
"2019-01-20T21:00:00Z","2019-01-20T21:30:00Z",,,,,,,,,,,,,,
"2019-01-20T21:30:00Z","2019-01-20T22:00:00Z",,,,,,,,,,,,,,
"2019-01-20T22:00:00Z","2019-01-20T22:30:00Z",,,,,,,,,,,,,,
"2019-01-21T00:00:00Z","2019-01-21T00:30:00Z",,,,,,,,,,,,,,
"2019-01-21T00:30:00Z","2019-01-21T01:00:00Z",,,,,,,,,,,,,,
"2019-01-21T01:00:00Z","2019-01-21T01:30:00Z",,,,,,,,,,,,,,
"2019-01-21T01:30:00Z","2019-01-21T02:00:00Z",,,,,,,,,,,,,,
"2019-01-21T02:00:00Z","2019-01-21T02:30:00Z",,,,,,,,,,,,,,
"2019-01-21T04:00:00Z","2019-01-21T04:30:00Z",,,,,,,,,,,,,,
"2019-01-21T04:30:00Z","2019-01-21T05:00:00Z",,,,,,,,,,,,,,
"2019-01-21T05:00:00Z","2019-01-21T05:30:00Z",,,,,,,,,,,,,,
"2019-01-21T05:30:00Z","2019-01-21T06:00:00Z",,,,,,,,,,,,,,
"2019-01-21T06:00:00Z","2019-01-21T06:30:00Z",,,,,,,,,,,,,,
"2019-01-21T08:00:00Z","2019-01-21T08:30:00Z",,,,,,,,,,,,,,
"2019-01-21T08:30:00Z","2019-01-21T09:00:00Z",,,,,,,,,,,,,,
"2019-01-21T09:00:00Z","2019-01-21T09:30:00Z",,,,,,,,,,,,,,
"2019-01-21T09:30:00Z","2019-01-21T10:00:00Z",,,,,,,,,,,,,,
"2019-01-21T10:00:00Z","2019-01-21T10:30:00Z",,,,,,,,,,,,,,
"2019-01-21T12:00:00Z","2019-01-21T12:30:00Z",,,,,,,,,,,,,,
"2019-01-21T12:30:00Z","2019-01-21T13:00:00Z",,,,,,,,,,,,,,
"2019-01-21T13:00:00Z","2019-01-21T13:30:00Z",,,,,,,,,,,,,,
"2019-01-21T13:30:00Z","2019-01-21T14:00:00Z",,,,,,,,,,,,,,
"2019-01-21T14:00:00Z","2019-01-21T14:30:00Z",,,,,,,,,,,,,,
"2019-01-21T16:00:00Z","2019-01-21T16:30:00Z",,,,,,,,,,,,,,
"2019-01-21T16:30:00Z","2019-01-21T17:00:00Z",,,,,,,,,,,,,,
"2019-01-21T17:00:00Z","2019-01-21T17:30:00Z",,,,,,,,,,,,,,
"2019-01-21T17:30:00Z","2019-01-21T18:00:00Z",,,,,,,,,,,,,,
"2019-01-21T18:00:00Z","2019-01-21T18:30:00Z",,,,,,,,,,,,,,
"2019-01-21T20:00:00Z","2019-01-21T20:30:00Z",,,,,,,,,,,,,,
"2019-01-21T20:30:00Z","2019-01-21T21:00:00Z",,,,,,,,,,,,,,
"2019-01-21T21:00:00Z","2019-01-21T21:30:00Z",,,,,,,,,,,,,,
"2019-01-21T21:30:00Z","2019-01-21T22:00:00Z",,,,,,,,,,,,,,
"2019-01-21T22:00:00Z","2019-01-21T22:30:00Z",,,,,,,,,,,,,,
"2019-01-22T00:00:00Z","2019-01-22T00:30:00Z",,,,,,,,,,,,,,
"2019-01-22T00:30:00Z","2019-01-22T01:00:00Z",,,,,,,,,,,,,,
"2019-01-22T01:00:00Z","2019-01-22T01:30:00Z",,,,,,,,,,,,,,
"2019-01-22T01:30:00Z","2019-01-22T02:00:00Z",,,,,,,,,,,,,,
"2019-01-22T02:00:00Z","2019-01-22T02:30:00Z",,,,,,,,,,,,,,
"2019-01-22T04:00:00Z","2019-01-22T04:30:00Z",,,,,,,,,,,,,,
"2019-01-22T04:30:00Z","2019-01-22T05:00:00Z",,,,,,,,,,,,,,
"2019-01-22T05:00:00Z","2019-01-22T05:30:00Z",,,,,,,,,,,,,,
"2019-01-22T05:30:00Z","2019-01-22T06:00:00Z",,,,,,,,,,,,,,
"2019-01-22T06:00:00Z","2019-01-22T06:30:00Z",,,,,,,,,,,,,,
"2019-01-22T08:00:00Z","2019-01-22T08:30:00Z",,,,,,,,,,,,,,
"2019-01-22T08:30:00Z","2019-01-22T09:00:00Z",,,,,,,,,,,,,,
"2019-01-22T09:00:00Z","2019-01-22T09:30:00Z",,,,,,,,,,,,,,
"2019-01-22T09:30:00Z","2019-01-22T10:00:00Z",,,,,,,,,,,,,,
"2019-01-22T10:00:00Z","2019-01-22T10:30:00Z",,,,,,,,,,,,,,
"2019-01-22T12:00:00Z","2019-01-22T12:30:00Z",,,,,,,,,,,,,,
"2019-01-22T12:30:00Z","2019-01-22T13:00:00Z",,,,,,,,,,,,,,
"2019-01-22T13:00:00Z","2019-01-22T13:30:00Z",,,,,,,,,,,,,,
"2019-01-22T13:30:00Z","2019-01-22T14:00:00Z",,,,,,,,,,,,,,
"2019-01-22T14:00:00Z","2019-01-22T14:30:00Z",,,,,,,,,,,,,,
"2019-01-22T16:00:00Z","2019-01-22T16:30:00Z",,,,,,,,,,,,,,
"2019-01-22T16:30:00Z","2019-01-22T17:00:00Z",,,,,,,,,,,,,,
"2019-01-22T17:00:00Z","2019-01-22T17:30:00Z",,,,,,,,,,,,,,
"2019-01-22T17:30:00Z","2019-01-22T18:00:00Z",,,,,,,,,,,,,,
"2019-01-22T18:00:00Z","2019-01-22T18:30:00Z",,,,,,,,,,,,,,
"2019-01-22T20:00:00Z","2019-01-22T20:30:00Z",,,,,,,,,,,,,,
"2019-01-22T20:30:00Z","2019-01-22T21:00:00Z",,,,,,,,,,,,,,
"2019-01-22T21:00:00Z","2019-01-22T21:30:00Z",,,,,,,,,,,,,,
"2019-01-22T21:30:00Z","2019-01-22T22:00:00Z",,,,,,,,,,,,,,
"2019-01-22T22:00:00Z","2019-01-22T22:30:00Z",,,,,,,,,,,,,,
"2019-01-23T00:00:00Z","2019-01-23T00:30:00Z",,,,,,,,,,,,,,
"2019-01-23T00:30:00Z","2019-01-23T01:00:00Z",,,,,,,,,,,,,,
"2019-01-23T01:00:00Z","2019-01-23T01:30:00Z",,,,,,,,,,,,,,
"2019-01-23T01:30:00Z","2019-01-23T02:00:00Z",,,,,,,,,,,,,,
"2019-01-23T02:00:00Z","2019-01-23T02:30:00Z",,,,,,,,,,,,,,
"2019-01-23T04:00:00Z","2019-01-23T04:30:00Z",,,,,,,,,,,,,,
"2019-01-23T04:30:00Z","2019-01-23T05:00:00Z",,,,,,,,,,,,,,
"2019-01-23T05:00:00Z","2019-01-23T05:30:00Z",,,,,,,,,,,,,,
"2019-01-23T05:30:00Z","2019-01-23T06:00:00Z",,,,,,,,,,,,,,
"2019-01-23T06:00:00Z","2019-01-23T06:30:00Z",,,,,,,,,,,,,,
"2019-01-23T08:00:00Z","2019-01-23T08:30:00Z",,,,,,,,,,,,,,
"2019-01-23T08:30:00Z","2019-01-23T09:00:00Z",,,,,,,,,,,,,,
"2019-01-23T09:00:00Z","2019-01-23T09:30:00Z",,,,,,,,,,,,,,
"2019-01-23T09:30:00Z","2019-01-23T10:00:00Z",,,,,,,,,,,,,,
"2019-01-23T10:00:00Z","2019-01-23T10:30:00Z",,,,,,,,,,,,,,
"2019-01-23T12:00:00Z","2019-01-23T12:30:00Z",,,,,,,,,,,,,,
"2019-01-23T12:30:00Z","2019-01-23T13:00:00Z",,,,,,,,,,,,,,
"2019-01-23T13:00:00Z","2019-01-23T13:30:00Z",,,,,,,,,,,,,,
"2019-01-23T13:30:00Z","2019-01-23T14:00:00Z",,,,,,,,,,,,,,
"2019-01-23T14:00:00Z","2019-01-23T14:30:00Z",,,,,,,,,,,,,,
"2019-01-23T16:00:00Z","2019-01-23T16:30:00Z",,,,,,,,,,,,,,
"2019-01-23T16:30:00Z","2019-01-23T17:00:00Z",,,,,,,,,,,,,,
"2019-01-23T17:00:00Z","2019-01-23T17:30:00Z",,,,,,,,,,,,,,
"2019-01-23T17:30:00Z","2019-01-23T18:00:00Z",,,,,,,,,,,,,,
"2019-01-23T18:00:00Z","2019-01-23T18:30:00Z",,,,,,,,,,,,,,
"2019-01-23T20:00:00Z","2019-01-23T20:30:00Z",,,,,,,,,,,,,,
"2019-01-23T20:30:00Z","2019-01-23T21:00:00Z",,,,,,,,,,,,,,
"2019-01-23T21:00:00Z","2019-01-23T21:30:00Z",,,,,,,,,,,,,,
"2019-01-23T21:30:00Z","2019-01-23T22:00:00Z",,,,,,,,,,,,,,
"2019-01-23T22:00:00Z","2019-01-23T22:30:00Z",,,,,,,,,,,,,,
"2019-01-24T00:00:00Z","2019-01-24T00:30:00Z",,,,,,,,,,,,,,
"2019-01-24T00:30:00Z","2019-01-24T01:00:00Z",,,,,,,,,,,,,,
"2019-01-24T01:00:00Z","2019-01-24T01:30:00Z",,,,,,,,,,,,,,
"2019-01-24T01:30:00Z","2019-01-24T02:00:00Z",,,,,,,,,,,,,,
"2019-01-24T02:00:00Z","2019-01-24T02:30:00Z",,,,,,,,,,,,,,
"2019-01-24T04:00:00Z","2019-01-24T04:30:00Z",,,,,,,,,,,,,,
"2019-01-24T04:30:00Z","2019-01-24T05:00:00Z",,,,,,,,,,,,,,
"2019-01-24T05:00:00Z","2019-01-24T05:30:00Z",,,,,,,,,,,,,,
"2019-01-24T05:30:00Z","2019-01-24T06:00:00Z",,,,,,,,,,,,,,
"2019-01-24T06:00:00Z","2019-01-24T06:30:00Z",,,,,,,,,,,,,,
"2019-01-24T08:00:00Z","2019-01-24T08:30:00Z",,,,,,,,,,,,,,
"2019-01-24T08:30:00Z","2019-01-24T09:00:00Z",,,,,,,,,,,,,,
"2019-01-24T09:00:00Z","2019-01-24T09:30:00Z",,,,,,,,,,,,,,
"2019-01-24T09:30:00Z","2019-01-24T10:00:00Z",,,,,,,,,,,,,,
"2019-01-24T10:00:00Z","2019-01-24T10:30:00Z",,,,,,,,,,,,,,
"2019-01-24T12:00:00Z","2019-01-24T12:30:00Z",,,,,,,,,,,,,,
"2019-01-24T12:30:00Z","2019-01-24T13:00:00Z",,,,,,,,,,,,,,
"2019-01-24T13:00:00Z","2019-01-24T13:30:00Z",,,,,,,,,,,,,,
"2019-01-24T13:30:00Z","2019-01-24T14:00:00Z",,,,,,,,,,,,,,
"2019-01-24T14:00:00Z","2019-01-24T14:30:00Z",,,,,,,,,,,,,,
"2019-01-24T16:00:00Z","2019-01-24T16:30:00Z",,,,,,,,,,,,,,
"2019-01-24T16:30:00Z","2019-01-24T17:00:00Z",,,,,,,,,,,,,,
"2019-01-24T17:00:00Z","2019-01-24T17:30:00Z",,,,,,,,,,,,,,
"2019-01-24T17:30:00Z","2019-01-24T18:00:00Z",,,,,,,,,,,,,,
"2019-01-24T18:00:00Z","2019-01-24T18:30:00Z",,,,,,,,,,,,,,
"2019-01-24T20:00:00Z","2019-01-24T20:30:00Z",,,,,,,,,,,,,,
"2019-01-24T20:30:00Z","2019-01-24T21:00:00Z",,,,,,,,,,,,,,
"2019-01-24T21:00:00Z","2019-01-24T21:30:00Z",,,,,,,,,,,,,,
"2019-01-24T21:30:00Z","2019-01-24T22:00:00Z",,,,,,,,,,,,,,
"2019-01-24T22:00:00Z","2019-01-24T22:30:00Z",,,,,,,,,,,,,,
"2019-01-25T00:00:00Z","2019-01-25T00:30:00Z",,,,,,,,,,,,,,
"2019-01-25T00:30:00Z","2019-01-25T01:00:00Z",,,,,,,,,,,,,,
"2019-01-25T01:00:00Z","2019-01-25T01:30:00Z",,,,,,,,,,,,,,
"2019-01-25T01:30:00Z","2019-01-25T02:00:00Z",,,,,,,,,,,,,,
"2019-01-25T02:00:00Z","2019-01-25T02:30:00Z",,,,,,,,,,,,,,
"2019-01-25T04:00:00Z","2019-01-25T04:30:00Z",,,,,,,,,,,,,,
"2019-01-25T04:30:00Z","2019-01-25T05:00:00Z",,,,,,,,,,,,,,
"2019-01-25T05:00:00Z","2019-01-25T05:30:00Z",,,,,,,,,,,,,,
"2019-01-25T05:30:00Z","2019-01-25T06:00:00Z",,,,,,,,,,,,,,
"2019-01-25T06:00:00Z","2019-01-25T06:30:00Z",,,,,,,,,,,,,,
"2019-01-25T08:00:00Z","2019-01-25T08:30:00Z",,,,,,,,,,,,,,
"2019-01-25T08:30:00Z","2019-01-25T09:00:00Z",,,,,,,,,,,,,,
"2019-01-25T09:00:00Z","2019-01-25T09:30:00Z",,,,,,,,,,,,,,
"2019-01-25T09:30:00Z","2019-01-25T10:00:00Z",,,,,,,,,,,,,,
"2019-01-25T10:00:00Z","2019-01-25T10:30:00Z",,,,,,,,,,,,,,
"2019-01-25T12:00:00Z","2019-01-25T12:30:00Z",,,,,,,,,,,,,,
"2019-01-25T12:30:00Z","2019-01-25T13:00:00Z",,,,,,,,,,,,,,
"2019-01-25T13:00:00Z","2019-01-25T13:30:00Z",,,,,,,,,,,,,,
"2019-01-25T13:30:00Z","2019-01-25T14:00:00Z",,,,,,,,,,,,,,
"2019-01-25T14:00:00Z","2019-01-25T14:30:00Z",,,,,,,,,,,,,,
"2019-01-25T16:00:00Z","2019-01-25T16:30:00Z",,,,,,,,,,,,,,
"2019-01-25T16:30:00Z","2019-01-25T17:00:00Z",,,,,,,,,,,,,,
"2019-01-25T17:00:00Z","2019-01-25T17:30:00Z",,,,,,,,,,,,,,
"2019-01-25T17:30:00Z","2019-01-25T18:00:00Z",,,,,,,,,,,,,,
"2019-01-25T18:00:00Z","2019-01-25T18:30:00Z",,,,,,,,,,,,,,
"2019-01-25T20:00:00Z","2019-01-25T20:30:00Z",,,,,,,,,,,,,,
"2019-01-25T20:30:00Z","2019-01-25T21:00:00Z",,,,,,,,,,,,,,
"2019-01-25T21:00:00Z","2019-01-25T21:30:00Z",,,,,,,,,,,,,,
"2019-01-25T21:30:00Z","2019-01-25T22:00:00Z",,,,,,,,,,,,,,
"2019-01-25T22:00:00Z","2019-01-25T22:30:00Z",,,,,,,,,,,,,,
"2019-01-26T00:00:00Z","2019-01-26T00:30:00Z",,,,,,,,,,,,,,
"2019-01-26T00:30:00Z","2019-01-26T01:00:00Z",,,,,,,,,,,,,,
"2019-01-26T01:00:00Z","2019-01-26T01:30:00Z",,,,,,,,,,,,,,
"2019-01-26T01:30:00Z","2019-01-26T02:00:00Z",,,,,,,,,,,,,,
"2019-01-26T02:00:00Z","2019-01-26T02:30:00Z",,,,,,,,,,,,,,
"2019-01-26T04:00:00Z","2019-01-26T04:30:00Z",,,,,,,,,,,,,,
"2019-01-26T04:30:00Z","2019-01-26T05:00:00Z",,,,,,,,,,,,,,
"2019-01-26T05:00:00Z","2019-01-26T05:30:00Z",,,,,,,,,,,,,,
"2019-01-26T05:30:00Z","2019-01-26T06:00:00Z",,,,,,,,,,,,,,
"2019-01-26T06:00:00Z","2019-01-26T06:30:00Z",,,,,,,,,,,,,,
"2019-01-26T08:00:00Z","2019-01-26T08:30:00Z",,,,,,,,,,,,,,
"2019-01-26T08:30:00Z","2019-01-26T09:00:00Z",,,,,,,,,,,,,,
"2019-01-26T09:00:00Z","2019-01-26T09:30:00Z",,,,,,,,,,,,,,
"2019-01-26T09:30:00Z","2019-01-26T10:00:00Z",,,,,,,,,,,,,,
"2019-01-26T10:00:00Z","2019-01-26T10:30:00Z",,,,,,,,,,,,,,
"2019-01-26T12:00:00Z","2019-01-26T12:30:00Z",,,,,,,,,,,,,,
"2019-01-26T12:30:00Z","2019-01-26T13:00:00Z",,,,,,,,,,,,,,
"2019-01-26T13:00:00Z","2019-01-26T13:30:00Z",,,,,,,,,,,,,,
"2019-01-26T13:30:00Z","2019-01-26T14:00:00Z",,,,,,,,,,,,,,
"2019-01-26T14:00:00Z","2019-01-26T14:30:00Z",,,,,,,,,,,,,,
"2019-01-26T16:00:00Z","2019-01-26T16:30:00Z",,,,,,,,,,,,,,
"2019-01-26T16:30:00Z","2019-01-26T17:00:00Z",,,,,,,,,,,,,,
"2019-01-26T17:00:00Z","2019-01-26T17:30:00Z",,,,,,,,,,,,,,
"2019-01-26T17:30:00Z","2019-01-26T18:00:00Z",,,,,,,,,,,,,,
"2019-01-26T18:00:00Z","2019-01-26T18:30:00Z",,,,,,,,,,,,,,
"2019-01-26T20:00:00Z","2019-01-26T20:30:00Z",,,,,,,,,,,,,,
"2019-01-26T20:30:00Z","2019-01-26T21:00:00Z",,,,,,,,,,,,,,
"2019-01-26T21:00:00Z","2019-01-26T21:30:00Z",,,,,,,,,,,,,,
"2019-01-26T21:30:00Z","2019-01-26T22:00:00Z",,,,,,,,,,,,,,
"2019-01-26T22:00:00Z","2019-01-26T22:30:00Z",,,,,,,,,,,,,,
"2019-01-27T00:00:00Z","2019-01-27T00:30:00Z",,,,,,,,,,,,,,
"2019-01-27T00:30:00Z","2019-01-27T01:00:00Z",,,,,,,,,,,,,,
"2019-01-27T01:00:00Z","2019-01-27T01:30:00Z",,,,,,,,,,,,,,
"2019-01-27T01:30:00Z","2019-01-27T02:00:00Z",,,,,,,,,,,,,,
"2019-01-27T02:00:00Z","2019-01-27T02:30:00Z",,,,,,,,,,,,,,
"2019-01-27T04:00:00Z","2019-01-27T04:30:00Z",,,,,,,,,,,,,,
"2019-01-27T04:30:00Z","2019-01-27T05:00:00Z",,,,,,,,,,,,,,
"2019-01-27T05:00:00Z","2019-01-27T05:30:00Z",,,,,,,,,,,,,,
"2019-01-27T05:30:00Z","2019-01-27T06:00:00Z",,,,,,,,,,,,,,
"2019-01-27T06:00:00Z","2019-01-27T06:30:00Z",,,,,,,,,,,,,,
"2019-01-27T08:00:00Z","2019-01-27T08:30:00Z",,,,,,,,,,,,,,
"2019-01-27T08:30:00Z","2019-01-27T09:00:00Z",,,,,,,,,,,,,,
"2019-01-27T09:00:00Z","2019-01-27T09:30:00Z",,,,,,,,,,,,,,
"2019-01-27T09:30:00Z","2019-01-27T10:00:00Z",,,,,,,,,,,,,,
"2019-01-27T10:00:00Z","2019-01-27T10:30:00Z",,,,,,,,,,,,,,
"2019-01-27T12:00:00Z","2019-01-27T12:30:00Z",,,,,,,,,,,,,,
"2019-01-27T12:30:00Z","2019-01-27T13:00:00Z",,,,,,,,,,,,,,
"2019-01-27T13:00:00Z","2019-01-27T13:30:00Z",,,,,,,,,,,,,,
"2019-01-27T13:30:00Z","2019-01-27T14:00:00Z",,,,,,,,,,,,,,
"2019-01-27T14:00:00Z","2019-01-27T14:30:00Z",,,,,,,,,,,,,,
"2019-01-27T16:00:00Z","2019-01-27T16:30:00Z",,,,,,,,,,,,,,
"2019-01-27T16:30:00Z","2019-01-27T17:00:00Z",,,,,,,,,,,,,,
"2019-01-27T17:00:00Z","2019-01-27T17:30:00Z",,,,,,,,,,,,,,
"2019-01-27T17:30:00Z","2019-01-27T18:00:00Z",,,,,,,,,,,,,,
"2019-01-27T18:00:00Z","2019-01-27T18:30:00Z",,,,,,,,,,,,,,
"2019-01-27T20:00:00Z","2019-01-27T20:30:00Z",,,,,,,,,,,,,,
"2019-01-27T20:30:00Z","2019-01-27T21:00:00Z",,,,,,,,,,,,,,
"2019-01-27T21:00:00Z","2019-01-27T21:30:00Z",,,,,,,,,,,,,,
"2019-01-27T21:30:00Z","2019-01-27T22:00:00Z",,,,,,,,,,,,,,
"2019-01-27T22:00:00Z","2019-01-27T22:30:00Z",,,,,,,,,,,,,,
"2019-01-28T00:00:00Z","2019-01-28T00:30:00Z",,,,,,,,,,,,,,
"2019-01-28T00:30:00Z","2019-01-28T01:00:00Z",,,,,,,,,,,,,,
"2019-01-28T01:00:00Z","2019-01-28T01:30:00Z",,,,,,,,,,,,,,
"2019-01-28T01:30:00Z","2019-01-28T02:00:00Z",,,,,,,,,,,,,,
"2019-01-28T02:00:00Z","2019-01-28T02:30:00Z",,,,,,,,,,,,,,
"2019-01-28T04:00:00Z","2019-01-28T04:30:00Z",,,,,,,,,,,,,,
"2019-01-28T04:30:00Z","2019-01-28T05:00:00Z",,,,,,,,,,,,,,
"2019-01-28T05:00:00Z","2019-01-28T05:30:00Z",,,,,,,,,,,,,,
"2019-01-28T05:30:00Z","2019-01-28T06:00:00Z",,,,,,,,,,,,,,
"2019-01-28T06:00:00Z","2019-01-28T06:30:00Z",,,,,,,,,,,,,,
"2019-01-28T08:00:00Z","2019-01-28T08:30:00Z",,,,,,,,,,,,,,
"2019-01-28T08:30:00Z","2019-01-28T09:00:00Z",,,,,,,,,,,,,,
"2019-01-28T09:00:00Z","2019-01-28T09:30:00Z",,,,,,,,,,,,,,
"2019-01-28T09:30:00Z","2019-01-28T10:00:00Z",,,,,,,,,,,,,,
"2019-01-28T10:00:00Z","2019-01-28T10:30:00Z",,,,,,,,,,,,,,
"2019-01-28T12:00:00Z","2019-01-28T12:30:00Z",,,,,,,,,,,,,,
"2019-01-28T12:30:00Z","2019-01-28T13:00:00Z",,,,,,,,,,,,,,
"2019-01-28T13:00:00Z","2019-01-28T13:30:00Z",,,,,,,,,,,,,,
"2019-01-28T13:30:00Z","2019-01-28T14:00:00Z",,,,,,,,,,,,,,
"2019-01-28T14:00:00Z","2019-01-28T14:30:00Z",,,,,,,,,,,,,,
"2019-01-28T16:00:00Z","2019-01-28T16:30:00Z",,,,,,,,,,,,,,
"2019-01-28T16:30:00Z","2019-01-28T17:00:00Z",,,,,,,,,,,,,,
"2019-01-28T17:00:00Z","2019-01-28T17:30:00Z",,,,,,,,,,,,,,
"2019-01-28T17:30:00Z","2019-01-28T18:00:00Z",,,,,,,,,,,,,,
"2019-01-28T18:00:00Z","2019-01-28T18:30:00Z",,,,,,,,,,,,,,
"2019-01-28T20:00:00Z","2019-01-28T20:30:00Z",,,,,,,,,,,,,,
"2019-01-28T20:30:00Z","2019-01-28T21:00:00Z",,,,,,,,,,,,,,
"2019-01-28T21:00:00Z","2019-01-28T21:30:00Z",,,,,,,,,,,,,,
"2019-01-28T21:30:00Z","2019-01-28T22:00:00Z",,,,,,,,,,,,,,
"2019-01-28T22:00:00Z","2019-01-28T22:30:00Z",,,,,,,,,,,,,,
"2019-01-29T00:00:00Z","2019-01-29T00:30:00Z",,,,,,,,,,,,,,
"2019-01-29T00:30:00Z","2019-01-29T01:00:00Z",,,,,,,,,,,,,,
"2019-01-29T01:00:00Z","2019-01-29T01:30:00Z",,,,,,,,,,,,,,
"2019-01-29T01:30:00Z","2019-01-29T02:00:00Z",,,,,,,,,,,,,,
"2019-01-29T02:00:00Z","2019-01-29T02:30:00Z",,,,,,,,,,,,,,
"2019-01-29T04:00:00Z","2019-01-29T04:30:00Z",,,,,,,,,,,,,,
"2019-01-29T04:30:00Z","2019-01-29T05:00:00Z",,,,,,,,,,,,,,
"2019-01-29T05:00:00Z","2019-01-29T05:30:00Z",,,,,,,,,,,,,,
"2019-01-29T05:30:00Z","2019-01-29T06:00:00Z",,,,,,,,,,,,,,
"2019-01-29T06:00:00Z","2019-01-29T06:30:00Z",,,,,,,,,,,,,,
"2019-01-29T08:00:00Z","2019-01-29T08:30:00Z",,,,,,,,,,,,,,
"2019-01-29T08:30:00Z","2019-01-29T09:00:00Z",,,,,,,,,,,,,,
"2019-01-29T09:00:00Z","2019-01-29T09:30:00Z",,,,,,,,,,,,,,
"2019-01-29T09:30:00Z","2019-01-29T10:00:00Z",,,,,,,,,,,,,,
"2019-01-29T10:00:00Z","2019-01-29T10:30:00Z",,,,,,,,,,,,,,
"2019-01-29T12:00:00Z","2019-01-29T12:30:00Z",,,,,,,,,,,,,,
"2019-01-29T12:30:00Z","2019-01-29T13:00:00Z",,,,,,,,,,,,,,
"2019-01-29T13:00:00Z","2019-01-29T13:30:00Z",,,,,,,,,,,,,,
"2019-01-29T13:30:00Z","2019-01-29T14:00:00Z",,,,,,,,,,,,,,
"2019-01-29T14:00:00Z","2019-01-29T14:30:00Z",,,,,,,,,,,,,,
"2019-01-29T16:00:00Z","2019-01-29T16:30:00Z",,,,,,,,,,,,,,
"2019-01-29T16:30:00Z","2019-01-29T17:00:00Z",,,,,,,,,,,,,,
"2019-01-29T17:00:00Z","2019-01-29T17:30:00Z",,,,,,,,,,,,,,
"2019-01-29T17:30:00Z","2019-01-29T18:00:00Z",,,,,,,,,,,,,,
"2019-01-29T18:00:00Z","2019-01-29T18:30:00Z",,,,,,,,,,,,,,
"2019-01-29T20:00:00Z","2019-01-29T20:30:00Z",,,,,,,,,,,,,,
"2019-01-29T20:30:00Z","2019-01-29T21:00:00Z",,,,,,,,,,,,,,
"2019-01-29T21:00:00Z","2019-01-29T21:30:00Z",,,,,,,,,,,,,,
"2019-01-29T21:30:00Z","2019-01-29T22:00:00Z",,,,,,,,,,,,,,
"2019-01-29T22:00:00Z","2019-01-29T22:30:00Z",,,,,,,,,,,,,,
"2019-01-30T00:00:00Z","2019-01-30T00:30:00Z",,,,,,,,,,,,,,
"2019-01-30T00:30:00Z","2019-01-30T01:00:00Z",,,,,,,,,,,,,,
"2019-01-30T01:00:00Z","2019-01-30T01:30:00Z",,,,,,,,,,,,,,
"2019-01-30T01:30:00Z","2019-01-30T02:00:00Z",,,,,,,,,,,,,,
"2019-01-30T02:00:00Z","2019-01-30T02:30:00Z",,,,,,,,,,,,,,
"2019-01-30T04:00:00Z","2019-01-30T04:30:00Z",,,,,,,,,,,,,,
"2019-01-30T04:30:00Z","2019-01-30T05:00:00Z",,,,,,,,,,,,,,
"2019-01-30T05:00:00Z","2019-01-30T05:30:00Z",,,,,,,,,,,,,,
"2019-01-30T05:30:00Z","2019-01-30T06:00:00Z",,,,,,,,,,,,,,
"2019-01-30T06:00:00Z","2019-01-30T06:30:00Z",,,,,,,,,,,,,,
"2019-01-30T08:00:00Z","2019-01-30T08:30:00Z",,,,,,,,,,,,,,
"2019-01-30T08:30:00Z","2019-01-30T09:00:00Z",,,,,,,,,,,,,,
"2019-01-30T09:00:00Z","2019-01-30T09:30:00Z",,,,,,,,,,,,,,
"2019-01-30T09:30:00Z","2019-01-30T10:00:00Z",,,,,,,,,,,,,,
"2019-01-30T10:00:00Z","2019-01-30T10:30:00Z",,,,,,,,,,,,,,
"2019-01-30T12:00:00Z","2019-01-30T12:30:00Z",,,,,,,,,,,,,,
"2019-01-30T12:30:00Z","2019-01-30T13:00:00Z",,,,,,,,,,,,,,
"2019-01-30T13:00:00Z","2019-01-30T13:30:00Z",,,,,,,,,,,,,,
"2019-01-30T13:30:00Z","2019-01-30T14:00:00Z",,,,,,,,,,,,,,
"2019-01-30T14:00:00Z","2019-01-30T14:30:00Z",,,,,,,,,,,,,,
"2019-01-30T16:00:00Z","2019-01-30T16:30:00Z",,,,,,,,,,,,,,
"2019-01-30T16:30:00Z","2019-01-30T17:00:00Z",,,,,,,,,,,,,,
"2019-01-30T17:00:00Z","2019-01-30T17:30:00Z",,,,,,,,,,,,,,
"2019-01-30T17:30:00Z","2019-01-30T18:00:00Z",,,,,,,,,,,,,,
"2019-01-30T18:00:00Z","2019-01-30T18:30:00Z",,,,,,,,,,,,,,
"2019-01-30T20:00:00Z","2019-01-30T20:30:00Z",,,,,,,,,,,,,,
"2019-01-30T20:30:00Z","2019-01-30T21:00:00Z",,,,,,,,,,,,,,
"2019-01-30T21:00:00Z","2019-01-30T21:30:00Z",,,,,,,,,,,,,,
"2019-01-30T21:30:00Z","2019-01-30T22:00:00Z",,,,,,,,,,,,,,
"2019-01-30T22:00:00Z","2019-01-30T22:30:00Z",,,,,,,,,,,,,,
"2019-01-31T00:00:00Z","2019-01-31T00:30:00Z",,,,,,,,,,,,,,
"2019-01-31T00:30:00Z","2019-01-31T01:00:00Z",,,,,,,,,,,,,,
"2019-01-31T01:00:00Z","2019-01-31T01:30:00Z",,,,,,,,,,,,,,
"2019-01-31T01:30:00Z","2019-01-31T02:00:00Z",,,,,,,,,,,,,,
"2019-01-31T02:00:00Z","2019-01-31T02:30:00Z",,,,,,,,,,,,,,
"2019-01-31T04:00:00Z","2019-01-31T04:30:00Z",,,,,,,,,,,,,,
"2019-01-31T04:30:00Z","2019-01-31T05:00:00Z",,,,,,,,,,,,,,
"2019-01-31T05:00:00Z","2019-01-31T05:30:00Z",,,,,,,,,,,,,,
"2019-01-31T05:30:00Z","2019-01-31T06:00:00Z",,,,,,,,,,,,,,
"2019-01-31T06:00:00Z","2019-01-31T06:30:00Z",,,,,,,,,,,,,,
"2019-01-31T08:00:00Z","2019-01-31T08:30:00Z",,,,,,,,,,,,,,
"2019-01-31T08:30:00Z","2019-01-31T09:00:00Z",,,,,,,,,,,,,,
"2019-01-31T09:00:00Z","2019-01-31T09:30:00Z",,,,,,,,,,,,,,
"2019-01-31T09:30:00Z","2019-01-31T10:00:00Z",,,,,,,,,,,,,,
"2019-01-31T10:00:00Z","2019-01-31T10:30:00Z",,,,,,,,,,,,,,
"2019-01-31T12:00:00Z","2019-01-31T12:30:00Z",,,,,,,,,,,,,,
"2019-01-31T12:30:00Z","2019-01-31T13:00:00Z",,,,,,,,,,,,,,
"2019-01-31T13:00:00Z","2019-01-31T13:30:00Z",,,,,,,,,,,,,,
"2019-01-31T13:30:00Z","2019-01-31T14:00:00Z",,,,,,,,,,,,,,
"2019-01-31T14:00:00Z","2019-01-31T14:30:00Z",,,,,,,,,,,,,,
"2019-01-31T16:00:00Z","2019-01-31T16:30:00Z",,,,,,,,,,,,,,
"2019-01-31T16:30:00Z","2019-01-31T17:00:00Z",,,,,,,,,,,,,,
"2019-01-31T17:00:00Z","2019-01-31T17:30:00Z",,,,,,,,,,,,,,
"2019-01-31T17:30:00Z","2019-01-31T18:00:00Z",,,,,,,,,,,,,,
"2019-01-31T18:00:00Z","2019-01-31T18:30:00Z",,,,,,,,,,,,,,
"2019-01-31T20:00:00Z","2019-01-31T20:30:00Z",,,,,,,,,,,,,,
"2019-01-31T20:30:00Z","2019-01-31T21:00:00Z",,,,,,,,,,,,,,
"2019-01-31T21:00:00Z","2019-01-31T21:30:00Z",,,,,,,,,,,,,,
"2019-01-31T21:30:00Z","2019-01-31T22:00:00Z",,,,,,,,,,,,,,
"2019-01-31T22:00:00Z","2019-01-31T22:30:00Z",,,,,,,,,,,,,,
